0.0 0.0
-0.8062448531389237 0.6474720487991968
-3.285942236582438 3.483637579282125
-1.3310675144195556 2.0936260143915812
-2.103703419367472 3.3184728781382242
-2.2344813267389934 2.8918911695480345
-2.88760138352712 2.2548457741737367
-2.812188156445821 2.80680091381073
-0.16252110227942468 0.5493512285873294
-2.023823567231496 2.6452869176864624
-2.8207736253738402 2.9554354508717853
-1.2629648327827454 4.0715809265772505
-1.3733856638272604 3.033329733212789
-3.146013045310974 1.431364325682322
-0.27288650572299955 3.9170131206512453
-3.259242232640584 2.5422614177068072
-1.4555047233899434 3.4071547746658326
-2.247594714164734 3.0376157999038695
-3.0514747460683185 3.155999747912089
-0.6641650438308716 3.3294338385264077
-3.3835866928100584 2.81215189297994
-1.3342081089814504 3.0281036059061686
-2.900746297836304 2.880111090342204
-3.2333880424499513 3.38525128364563
-2.194965402285258 2.99449417591095
-2.5007798115412396 3.3923916896184285
-1.784220814704895 3.7504170338312783
-2.915225394566854 2.934906538327535
-0.9325472970803579 1.263246899843216
-2.203277826309204 2.685533372561137
-3.2269132932027182 3.2132309039433795
-1.576966158548991 4.097720313072204
-2.5744101206461587 3.1419716755549114
-0.9647905707359314 0.7332124481598536
-0.7081914961338043 3.8059906721115113
-3.4617276350657145 2.6056450525919597
-1.7594802061716714 3.8395241260528565
-2.4196258147557574 2.9358550945917767
-3.3030769348144533 3.0078433116277057
-2.3248361666997273 2.883074975013733
-3.470603919029236 3.140314316749573
-3.702841035525004 2.873853818575541
-3.3606468439102173 3.2278852303822836
-2.8274796485900877 1.8476345578829447
-3.066741156578064 3.5860489050547284
-1.1980510125557582 0.4306072826186816
-2.7458243052164715 3.5192922353744507
-3.9543251673380535 3.172977328300476
-2.112890883286794 3.0502323627471926
-3.389135964711507 2.7590274572372437
-3.7452871640523275 2.0973562598228455
-3.0993962208429973 2.880509885152181
-0.7573627541462581 0.8197126102944216
-2.755600674947103 1.9231780846913655
-3.182649819056193 3.242571560541789
-4.1221576690673825 2.1581480622291567
-2.9461788336435952 3.2832781314849853
-1.2501281470060348 0.584808831413587
-2.528037412961324 2.414341115951538
-3.21953809261322 3.128579330444336
-4.1339399496714275 1.6708519379297893
-2.878850809733073 3.320239853858948
-1.3667805552482606 0.45687858064969383
-2.7980579853057863 2.060869284470876
-3.1722847700119017 3.1656195878982545
-4.373598782221476 1.5526039044062296
-2.8148775259653727 2.9468318223953247
-0.5527684478554875 0.57982492694476
-2.6968323230743407 2.795461734135946
-0.9773721834023793 2.296938896179199
-1.927660592397054 3.2152558167775473
-2.0955992460250856 3.2464725971221924
-2.7604150772094727 3.808713444073995
-1.0359474440415701 3.3408361514409384
-2.924888785680135 3.1361940622329714
-1.0798345108826954 2.803522308667501
-2.067393104235331 3.0904398918151856
-3.1461698452631635 3.3421844720840452
-1.740617529551188 3.623096489906311
-2.873080333073934 3.024744168917338
-0.525092938542366 1.550478172302246
-2.1129696289698283 2.88705526192983
-3.0123695135116577 3.3497851610183718
-1.95091632604599 4.110496886571249
-2.8043014367421466 2.909374245007833
-0.155993878787073 0.3891614113158236
-1.74205770889918 2.5938146193822225
-3.0898290713628134 3.0356841802597048
-1.7979657133420308 3.780569291114807
-2.513729723294576 3.069803508122762
-3.1911033709843952 3.3943368434906005
-1.1508541643619536 3.253564135233561
-2.517462881406148 2.8788063446680705
-2.6411621967951455 1.849624466896057
-2.5767746925354005 2.8063280820846557
-3.0321632862091064 3.112631098429362
-3.047540307044983 2.5719502925872804
-2.9056945562362673 2.8483723560969034
-0.8489260643720626 0.400508184141169
-2.8064759810765585 1.9767141302426656
-3.3414211750030516 2.9838114261627195
-3.9612918138504027 2.4950465043385823
-3.1762187639872232 2.8887436230977377
-0.2559126520995051 0.18381509118868658
-2.7197439034779864 2.264376481374105
-3.230819805463155 3.098824731508891
-3.7318716367085774 2.512720497449239
-3.022807749112447 2.9742951154708863
-0.24596287470776587 0.17672515772283076
-2.5558339675267536 0.525717431306839
-2.9741362889607745 3.0975751161575316
-3.3971554676691693 1.6596359411875408
-3.3612374782562258 2.139003944396973
-2.8605340242385866 3.1897540648778278
-3.5998065789540608 0.30051452020804087
-2.7445743242899576 2.7576237440109255
-1.9483599742253621 1.148073532183965
-3.2443590720494586 1.4017090598742168
-2.7088529030481974 2.843952258427938
-3.8272986014684043 2.4345195452372232
-2.8539518197377522 2.521007021268209
-0.06799982230489453 0.27468693545864276
-2.0004491170247394 2.0268393993377685
-1.223399297396342 3.1900394916534425
-3.4204693396886188 2.234506674607595
-3.191841149330139 1.6066395441691081
-2.7766412019729616 3.2570673704147337
-1.11800727446874 3.7315102259318036
-2.384972318013509 3.292875067392985
-0.37306572223703066 1.0020114302635192
-1.84675422112147 3.025472625096639
-3.039790415763855 3.18334432442983
-1.8596061666806538 4.218912553787232
-2.8882348696390787 2.9843299706776936
0.040996330052924655 0.04583340083869795
-1.9041381120681762 2.4968489249547323
-3.0908700545628864 3.1109732071558636
-1.8329113841056823 3.618041157722473
-0.12966028963176843 3.2960476160049437
-2.6753961086273192 3.129687690734863
-0.4408631185690562 3.5360945304234823
-2.9430591742197674 2.716175850232442
-1.0200259308020274 2.5395129442214968
-1.6403564810752869 3.241753427187602
-2.761707091331482 2.967208568255107
-1.375344987710317 4.323852523167928
-2.4323909282684326 2.9190892855326336
-0.027427360167105994 0.18671068251132966
-0.2692186509569486 3.3274492263793944
-2.9540034691492716 2.7050208568573
-1.8846572478612265 3.383067790667216
-2.513553094863892 3.1112183570861816
-2.9003875494003295 3.115014338493347
-0.8159206608931223 3.159766205151876
-2.5211564461390177 2.747317107518514
-1.1576708614826203 2.459474205970764
-1.5341724157333374 3.238607899347941
-3.159359320004781 2.7482953548431395
-1.5894875407218934 4.168464040756225
-2.47858247756958 3.067102869351705
-0.11088164079313477 0.2949257584909598
-1.2506489952405293 2.586468203862508
-3.1489009698232016 2.704528331756592
-1.496609369913737 3.3682974497477214
-2.27855007648468 3.206967822710673
-3.167842435836792 3.026530647277832
-1.140018637975057 3.1048657655715943
-2.9393407503763833 2.766860842704773
-0.9684377551078797 1.9103115836779276
-1.7851665576299032 2.981478222211202
-2.858963203430176 2.824503191312154
-2.551351467768351 3.7294547160466514
-2.451367076237996 2.8873223463694253
-0.02104321604128927 0.16705165284996232
-1.995235526561737 1.86868021885554
-3.1866104364395142 2.044278947512309
-2.7755767981211346 1.7973610083262126
-3.193608109156291 2.026302615801493
-3.56995910803477 1.7717092394828797
-2.552418613433838 2.146231476465861
-2.3174554824829103 3.2712846040725707
-1.4311827659606933 0.8558717568715414
-3.14695250193278 1.485042667388916
-3.0438423633575438 2.133534797032674
-4.003154500325521 2.038887596130371
-3.0257673025131226 2.1673277775446573
0.08109715064056218 -0.10544831589019547
-2.8453030904134113 0.8535286883513132
-2.8832634925842284 2.7827148040135703
-3.0682440360387164 1.5050893465677897
-3.3507133960723876 1.8438204367955526
-3.049429686864217 2.730053186416626
-3.1477808078130085 0.8768084863821666
-2.927914055188497 2.481063175201416
-1.75351243019104 0.9207030316193898
-3.1518576463063557 1.467781138420105
-2.8775991837183637 2.9869916518529256
-4.039749670028686 1.9320247133572896
-3.130211528142293 2.2017520984013874
-0.062161043852878115 -0.1371439884416759
