0.0 0.0
-0.28063841673235096 0.2616896009693543
-0.4785029684503873 0.413276369869709
-0.5633918732404709 0.6246728549400965
-0.8388384838898977 0.8738179485003154
-1.3560271501541137 1.304507609208425
-1.6067754824956257 1.6230302214622498
-2.449411952495575 2.391267208258311
-2.605879843235016 2.343089485168457
-2.368544514973958 2.4426374753316242
-2.130347792307536 1.908502503236135
-0.398019346598691 0.38173275838295617
-1.5171404401461284 1.2184197068214417
-1.8106969475746155 2.4702609539031983
-2.8551759243011476 2.7700751304626463
-1.9963143785794577 2.513242236773173
-1.8517242709795634 2.7453641255696613
-3.254896561304728 3.003978721300761
-2.417664051055908 2.5526300191879274
-2.4825788100560504 2.2239225109418235
-3.2703938325246176 3.261462593078613
-2.984297267595927 3.0951879342397053
-3.0229035218556723 2.9780001640319824
-2.5688113451004027 2.653554598490397
-2.9144720236460366 2.960508108139038
-2.9505804538726808 3.1804849465688068
-2.9312222798665366 2.725597445170085
-2.8849573135375977 3.6252747138341266
-2.872136926651001 2.441780376434326
-2.9856658379236856 3.199974775314331
-1.8402469555536907 2.0379247784614565
-2.602668293317159 2.970606279373169
-3.0408059199651083 2.9805615822474163
-2.625545112291972 2.8392248153686523
-3.085499874750773 3.5827681461970013
-0.6774163849962255 0.7436970949172974
-2.6962690512339273 3.1511013587315877
-3.251327570279439 3.2439212719599406
-2.750441296895345 2.832389211654663
-2.911425511042277 2.893321657180786
-0.44855281760295235 0.6192287693421046
-2.724257818857829 3.014516234397888
-3.041047390302022 3.120514186223348
-2.8364949941635134 2.5688056468963625
-2.8806607882181803 2.863231579462687
-0.48063707853240584 0.8488849903146426
-2.541929777463277 2.855916635195414
-3.1505922238032023 2.7233665227890014
-3.004970184961955 2.5818124294281004
-2.732106161117554 2.8278778473536175
-2.7340771675109865 2.9941002051035563
-2.4757740100224814 2.696654709180196
-3.0258655468622844 2.903443129857381
-2.1528456807136536 1.0995344301064809
-2.6367984612782798 2.984430130322774
-3.3997821887334188 2.53676704565684
-2.5719884395599366 2.4846559365590415
-2.7791351795196535 2.713574997584025
-0.558991644558652 0.36884064357727764
-1.3021878838539123 2.9712260405222577
-2.8655001958211264 2.488597369194031
-2.329624040921529 1.449861796696981
-2.518195645014445 2.877817948659261
-3.3489192008972166 2.591852823893229
-2.686277500788371 2.3901327292124432
-2.7701432863871256 2.6919692198435468
-0.1689063494714598 0.37744843433611097
-2.2036309321721395 2.789195497830709
-2.946114460627238 2.625717854499817
-2.8186150471369427 1.87396080493927
-2.458661421140035 2.931629435221354
-3.1690266052881877 2.200142240524292
-2.8264229536056518 2.2573246320088702
-2.6431592464447022 2.9342081705729166
-0.5114383978148301 1.4834525361657143
-2.255358656247457 2.6414862950642903
-2.7544985453287762 2.767050512631734
-2.4485727469126384 1.3515701691309612
-2.453315258026123 2.8084055185317993
-3.0122621854146323 2.7939852317174276
-2.7306677103042603 2.4469818671544394
-2.621840818723043 2.752298132578532
-3.18971008459727 2.869416936238607
-2.3021604299545286 2.409590148925781
-2.78771231174469 2.7035765806833902
-1.2954412678877512 0.32494802779207627
-2.280986777941386 2.866473189989726
-2.8111732006073 2.689645274480184
-2.881969960530599 1.888304098447164
-2.5612780968348186 2.663314374287923
-3.2259902795155844 2.8557700475056964
-2.4547144412994384 2.2903742949167887
-2.856296745936076 2.7272303978602093
-0.0005318008363246918 0.19529539520541828
-2.4035499254862467 2.610548249880473
-3.0853700160980226 2.789549160003662
-2.601668198903402 1.852001663049062
-2.55777747631073 2.587288006146749
-3.2180239518483478 2.7299785296122234
-2.4256988604863485 2.466235709190369
-2.7906121969223023 2.6232468684514365
-2.698727281888326 2.3299002488454184
-2.3209010283152263 2.713139772415161
-3.040332277615865 2.7063348134358725
-2.1190667271614076 1.5712726314862568
-2.4708964904149373 2.8110125064849854
-3.2294883807500203 2.789310677846273
-2.6429017861684163 2.5179542382558187
-2.830793046951294 2.6690340598424274
-3.3252911647160848 1.9647514621416728
-2.3689008871714274 2.616452630360921
-2.961378542582194 2.72471657594045
-1.378223478794098 0.7877717236677806
-2.4361310879389446 2.6684000730514525
-3.212640166282654 2.754899803797404
-2.6609779993693032 2.1006253798802694
-2.6630177736282348 2.7545795996983844
-3.4618719100952147 2.7956735769907635
-1.859958299001058 2.5445806264877318
-2.943060024579366 2.7004535754521686
-0.03127477456000634 0.06189220928354189
-2.4968159834543866 2.7286210378011067
-3.317385133107503 2.6441675742467243
-2.7422760248184206 1.7397340257962546
-2.6161309719085692 2.721554962793986
-3.4805323203404743 2.772925933202108
-2.161679967244466 2.4887222766876222
-3.0362606287002563 2.6883912722269696
0.05735950348898768 0.0617247698828578
-2.571343262990316 2.6888485749562583
-3.2761582771937054 2.732123438517253
-2.663184634844462 1.6669465581576028
-2.7049720843633014 2.6539572715759276
-3.535445062319438 2.784647496541341
-2.1753523985544843 2.5113598585128782
-3.1693659385045367 2.627885866165161
-0.02708041131263599 0.04029407501220703
-2.2974435329437255 2.756290340423584
-3.3355995655059814 2.6208388487497967
-2.6512572606404623 1.8916366696357727
-2.580338724454244 2.6979278564453124
-3.6525702238082887 2.753941615422567
-2.1597062587738036 2.588231579462687
-3.172123901049296 2.6989179372787477
-0.23271082596232492 0.0825053579833669
-2.357814606030782 2.906548357009888
-3.3889406045277912 2.702132789293925
-2.883026361465454 2.060751251379649
-2.7507630904515583 2.7148478031158447
-3.6181882937749226 2.385192036628723
-2.1423502445220945 1.767362376054128
-2.7008623123168944 2.7885441621144613
-3.660880215962728 2.799055886268616
-2.554364212354024 2.1508086999257405
-3.1278618971506753 2.650277789433797
-1.239587418238322 0.21574099460849538
-2.3688880602518716 2.643169609705607
-3.4234809557596844 2.691329558690389
-2.6009552160898846 1.628041716416677
-2.7191855271657306 2.8518316825230916
-3.787404108047485 2.7784105141957602
-2.099757889906565 1.9987214128176372
-2.7597991387049357 2.7101512908935548
-0.7608314375703533 0.5401609379099682
-2.55368131796519 2.281166664759318
-3.4136191765467325 2.685211936632792
-2.125951659679413 1.3450557927290598
-2.3593900124231975 2.622226897875468
-3.6274522304534913 2.703501653671265
-2.5511467377344768 2.200406555334727
-2.7656338453292846 2.7272979895273846
-4.119095428784688 2.7805097421010334
-2.365266950925191 2.255891036987305
-3.1836238225301106 2.6909043232599896
-0.5745002686977386 0.2943158575644096
-2.184794541200002 2.820236055056254
-3.496158464749654 2.68493857383728
-2.739403176307678 1.7369572281837464
-2.61197870572408 2.676100993156433
-3.705707852045695 2.684291378657023
-2.238028120994568 2.0450902819633483
-3.5779184977213543 2.722627838452657
-0.25386587157845497 0.1580984900938347
-2.5966835737228395 2.389741230010986
-3.6805083115895587 2.6769557634989423
-2.844279972712199 1.8780806064605713
-3.035577154159546 2.6382511456807456
-4.46278239885966 2.7606825192769366
-2.285119080543518 2.0939989566802977
-3.521760018666585 2.6772926966349284
-1.1831273118654886 1.2186286548773448
-2.925333555539449 0.9482282956441244
-3.0534841855367025 2.8526444673538207
-1.617721156279246 1.092707727352778
-2.752118730545044 1.1175703128178915
-3.4157825311024985 2.8458548545837403
-2.480092159907023 1.6968427578608194
-2.938487188021342 1.4053664048512777
-3.3878906965255737 2.8780181884765623
-2.926026709874471 1.5993213375409445
