0.0 0.0
-0.37415983801086744 0.31821790685256324
-0.4261478081345558 0.42081653823455173
-0.5926205883423488 0.6020796587069829
-0.8508490343888601 0.840918610493342
-1.1883083979288738 1.183163336912791
-1.6389268398284913 1.623298168182373
-2.1393948594729104 2.1351471145947776
-2.1322506586710612 2.1176783204078675
-2.1551661769549053 2.1505688627560935
-2.266620222727458 2.265156372388204
-2.3484559853871665 2.3481000026067096
-2.474218757947286 2.463324769337972
-2.47319233417511 2.474295449256897
-2.4715265035629272 2.46676987806956
-2.431017835934957 2.4140336434046428
-2.4642321983973186 2.4587116956710817
-2.489489952723185 2.4796276092529297
-2.49412210782369 2.4815243403116862
-2.471039319038391 2.4457221269607543
-2.4710013389587404 2.4480544169743856
-2.4308138926823935 2.4395197073618573
-2.4526946783065795 2.4320427815119428
-2.4417529344558715 2.444558556874593
-2.438160769144694 2.4250948508580525
-2.440833489100138 2.406417242685954
-2.417502490679423 2.4360804319381715
-2.4211098353068032 2.4212250153223676
-2.395326614379883 2.3911805232365926
-2.3932860851287843 2.3912861665089924
-2.3901213010152182 2.4052772839864094
-2.386995037396749 2.391044767697652
-2.384891891479492 2.377233703931173
-2.3779076019922893 2.375958291689555
-2.3768206596374513 2.391430862744649
-2.3662821213404337 2.378349749247233
-2.3604433139165244 2.3796281496683758
-2.3765658855438234 2.3740132808685304
-2.3762062470118206 2.3783249616622926
-2.3669030825297037 2.4045897563298544
-2.371650226910909 2.400244140625
-2.373630730311076 2.3904231071472166
-2.3938048521677655 2.4055206775665283
-2.394007929166158 2.4056410868962605
-2.403640031814575 2.425833757718404
-2.416303785641988 2.3985583861668904
-2.427335246404012 2.4092936913172402
-2.42670206228892 2.4175552050272624
-2.4327590465545654 2.4169716040293374
-2.4452781359354656 2.4138585329055786
-2.4499749898910523 2.4132443189620973
-2.4422734578450522 2.415311853090922
-2.457238539059957 2.396697489420573
-2.4718214511871337 2.4029350439707438
-2.485624631245931 2.4026403427124023
-2.4675463596979776 2.399897988637288
-2.478965981801351 2.3906155506769817
-2.4816155672073363 2.406126070022583
-2.4586037476857503 2.3999407927195233
-2.431353481610616 2.391227459907532
-2.425120806694031 2.405599594116211
-2.4412842830022177 2.4108267545700075
-2.4329657395680746 2.400140579541524
-2.422466286023458 2.3851076126098634
-2.4227123419443766 2.3791731198628745
-2.4095324675242105 2.3731239159901936
-2.3878604571024575 2.3887250900268553
-2.41115304629008 2.3815184513727825
-2.4069316148757935 2.3686267534891763
-2.4045993804931642 2.3646493514378863
-2.395117672284444 2.3695530970891316
-2.385128879547119 2.3477801720301312
-2.379227328300476 2.3705385049184162
-2.3775221824646 2.3392961184183756
-2.364568074544271 2.329755663871765
-2.3683618704477944 2.3338333050409954
-2.35701691309611 2.3367456833521527
-2.3572378555933633 2.2724553187688192
-2.3767527023951214 2.320040567715963
-2.3736236174901326 2.3180497884750366
-2.370092487335205 2.3049811999003094
-2.3647827466328937 2.326386324564616
-2.3658162117004395 2.3354572375615437
-2.3373803933461508 2.357422097524007
-2.350293262799581 2.3515709479649862
-2.3580363988876343 2.3501160303751627
-2.3580551703770953 2.3704732179641725
-2.368354646364848 2.3634682099024453
-2.384674247105916 2.2841267824172973
-2.4025217930475873 2.3973135709762574
-2.383297348022461 2.421086247762044
-2.3665811379750568 2.325774399439494
-2.3698220252990723 2.441681162516276
-2.3976775805155435 2.3971988439559935
-2.395688009262085 2.379418071111043
-2.4069956064224245 2.390714486440023
-2.396410822868347 2.4028309186299643
-2.3956760485967 2.360582121213277
-2.4027762095133465 2.3680699427922565
-2.3758965015411375 2.3692981084187825
-2.3899099508921307 2.339684327443441
-2.382150928179423 2.253098646799723
-2.392125360171 2.3797963857650757
-2.3863611062367758 2.3633915980656943
-2.3361945788065595 2.4110070943832396
-2.3822227080663043 2.3463539520899457
-2.4170415957768756 2.4087081432342528
-2.3782018582026163 2.367701498667399
-2.3770994981129965 2.3325857241948444
-2.389668107032776 2.3536877552668254
-2.369045344988505 2.337040003140767
-2.3726018985112507 2.360845446586609
-2.3581281900405884 2.3410391251246137
-2.348675553003947 2.34677685101827
-2.354577620824178 2.321893914540609
-2.3524373690287272 2.306541681289673
-2.3435227791468303 2.3259588559468587
-2.3393661181131997 2.2993120193481444
-2.3386818091074626 2.3224128246307374
-2.3139267524083453 2.2887405872344972
-2.3116177558898925 2.316177169481913
-2.3115593830744428 2.2976224501927693
-2.3204305171966553 2.289482339223226
-2.3209540923436482 2.292031502723694
-2.329739205042521 2.269030046463013
-2.3257227420806883 2.285082149505615
-2.315806198120117 2.2740583499272664
-2.3181888818740846 2.2938409566879274
-2.3148051500320435 2.2801551977793375
-2.266877214113871 2.312768030166626
-2.314284364382426 2.2696694215138753
-2.3175154050191242 2.2846781174341837
-2.337404457728068 2.23912083307902
-2.331914528210958 2.2866453011830647
-2.3077463785807293 2.311660083134969
-2.333816981315613 2.2806786775588987
-2.3207983573277793 2.2934872229894
-2.2996979713439942 2.3172393878300985
-2.3342414776484173 2.3148934205373126
-2.3207889159520465 2.3074578921000164
-2.347904586791992 2.2702433029810587
-2.329850435256958 2.3220604499181112
-2.3362529993057253 2.341876252492269
-2.3704448620478313 2.288930638631185
-2.3421570618947345 2.3036115566889444
-2.3395012935002644 2.3177459081014
-2.3642404397328693 2.313521877924601
-2.3453129291534425 2.273069906234741
-2.369322967529297 2.33216016292572
-2.3585990190505983 2.299128850301107
-2.375368046760559 2.3170749028523763
-2.348321715990702 2.3307627201080323
-2.338099304835002 2.310318287213643
-2.350736419359843 2.3371463378270465
-2.3485211531321206 2.267124621073405
-2.3393071492513022 2.3379541714986165
-2.3497775475184124 2.2851620515187583
-2.3356135209401447 2.2896219650904337
-2.3310218334197996 2.275037980079651
-2.329247244199117 2.3247932036717733
-2.325957210858663 2.2855616728464763
-2.295895981788635 2.2752114295959474
-2.3081009070078533 2.2478216886520386
-2.303853090604146 2.2838923931121826
-2.2949907064437864 2.2799501260121664
-2.2994794845581055 2.2830561796824136
-2.2971863587697348 2.2682346661885577
-2.298515049616496 2.260553550720215
-2.2731242577234902 2.2708836952845255
-2.265744431813558 2.2164247751235964
-2.282566507657369 2.2489031235376995
-2.2535772879918414 2.1364938100179036
-2.3351064205169676 2.1968171199162803
-2.266177845001221 2.2370725949605306
-2.2665353218714395 2.2151962757110595
-2.3040270884831746 2.2390098730723063
-2.2831260999043783 2.2145348072052
-2.2799893538157145 2.1314191182454425
-2.295691426595052 2.1806331078211465
-2.2664846817652387 2.2170077482859294
-2.237438519795736 2.2246028582255044
-2.3245574712753294 2.172059965133667
-2.2847782214482626 2.1859425703684487
-2.2847864230473838 2.18058447043101
-2.2962652921676634 2.214582816759745
-2.2929351250330607 2.1939773162206015
-2.305877137184143 2.1843170166015624
-2.2583263397216795 2.30394823551178
-2.2888314644495646 2.1856038570404053
-2.3064513365427652 2.2154733578364056
-2.313933992385864 2.2193923314412434
-2.3144381443659463 2.1929311752319336
-2.3032247543334963 2.2266299883524576
-2.2806502262751263 2.2539852460225425
-2.327354669570923 2.252024284998576
-2.2805283308029174 2.2060530821482343
-2.331762425104777 1.9808740417162578
-2.3307182709376018 2.2673741499582927
-2.333504072825114 2.2492483059565225
-2.332808764775594 2.2614094018936157
