0.0 0.0
-2.5658108154932657 2.511272660891215
-2.4799138148625692 2.4559306859970094
-2.1082645932833355 2.156599203745524
-2.537038493156433 2.5311691840489705
-2.540050498644511 2.5423743724823
-2.289687426884969 2.3166746298472085
-2.576356554031372 2.600207297007243
-1.3252679685751596 1.621228023370107
-2.6327736059824627 2.7154469728469848
-2.7252631902694704 2.6489983558654786
-2.4848649501800537 2.404368249575297
-2.8143052180608112 2.5713665167490642
-1.4913409153620403 1.463734014829
-2.5976285854975383 2.6610315084457397
-2.6340394258499145 2.6546406030654905
-2.2225279450416564 2.3847727219263715
-2.6836137692133586 2.651642100016276
-1.3030111074447632 1.222131258249283
-2.585848331451416 2.530522116025289
-2.64383708635966 2.687245488166809
-2.4711248238881427 2.266556898752848
-2.662293227513631 2.6567793051401773
-1.338631953795751 1.4154481490453084
-2.6487556139628095 2.5480228821436564
-2.6335938215255736 2.7502843300501505
-2.42751723130544 2.010053312778473
-2.646970582008362 2.689795239766439
-2.541788593928019 2.4207557876904806
-2.5422330856323243 2.530474003156026
-2.608937883377075 2.722327375411987
-2.5970269282658895 2.4297221263249713
-2.700899624824524 2.579134694735209
-2.6112991015116376 2.6425546725591023
-2.495360541343689 2.605412824948629
-2.626930022239685 2.7349316755930584
-2.5566909472147623 3.1207666556040445
-2.65064545472463 2.59735058148702
-2.6432783444722494 2.6948630809783936
-2.6371628681818646 2.588771446545919
-2.6272448778152464 2.6750352303187053
-2.738811230659485 3.163734189669291
-2.648449500401815 2.5919085423151653
-2.6624446312586465 2.629473821322123
-2.724791741371155 2.66568500995636
-2.672485113143921 2.6040828625361123
-2.9990336338679 2.6788180669148765
-2.7464385271072387 2.6766088167826334
-2.8749050935109457 2.638264552752177
-2.567154558499654 2.999216834704081
-2.731580400466919 2.6665156443913776
-2.9363694190979004 2.7328946669896443
-2.6998559633890786 2.625658106803894
-2.7733774026234945 2.588537089029948
-2.591928720474243 2.868977157274882
-2.705046621958415 2.651967167854309
-2.992891375223796 2.489445455869039
-2.797102514902751 2.565330465634664
-2.6970340967178346 2.582374119758606
-2.502841075261434 3.0267247597376508
-2.714579184850057 2.6361674229303995
-3.0895082553227744 2.430732838312785
-2.8347778002421062 2.612716301282247
-2.6632921139399213 2.6189152717590334
-2.4364074945449827 2.945839023590088
-2.6270652294158934 2.669739516576131
-2.9510450919469196 2.6697260618209837
-2.7377073526382447 2.6916618506113688
-2.6406899611155192 2.7172497351964315
-2.7501753489176433 2.5851956446965536
-2.6490557114283244 2.71202453772227
-2.6492708762486776 3.498849034309387
-2.5193962415059405 2.9215518395105997
-2.5879827737808228 2.932676839828491
-2.8207396984100344 2.697518976529439
-2.740200177828471 2.8484357992808023
-2.5866133689880373 3.047833514213562
-2.7099467198053997 2.7786519050598146
-2.6241721312204995 2.846213467915853
-2.812695113817851 2.546054792404175
-2.7323667367299396 2.7435296217600507
-2.1100027283032734 2.1405064702033996
-2.6876521746317548 2.7073490142822267
-2.6796414375305178 2.8246734619140623
-2.5651514371236166 2.4850372393925984
-2.716347908973694 2.731409525871277
-1.5046145856380462 1.4606317003568015
-2.6434322118759157 2.6328747351964314
-2.6618525346120196 2.74478493531545
-2.4101696968078614 2.266590742270152
-2.766478260358175 2.7325319131215413
-0.7705144464969635 0.7998993416627248
-2.5057176033655804 2.567316007614136
-2.7020811955134074 2.754052209854126
-2.3333765427271524 2.1899895787239076
-2.6276721874872844 2.702423079808553
-0.48530943791071574 0.7590853517254194
-2.5444817622502645 2.5002787431081135
-2.732071797053019 2.6557888269424437
-2.399395235379537 2.049736992518107
-2.6314152161280315 2.657816449801127
-2.013088976343473 2.3281210541725157
-2.5727123737335207 2.46908495426178
-2.7700554211934407 2.6043615182240805
-2.6817980925242106 2.1301088531812034
-2.7801020701726276 2.6040030558904013
-2.8923237323760986 2.7137916882832847
-2.51799263159434 2.416812864939372
-2.7899688641230265 2.69633100827535
-2.75060129960378 2.43850417137146
-2.6093395789464315 2.580612071355184
-2.852922717730204 2.7241950352986652
-2.5473177433013916 2.562685823440552
-2.7934139728546143 2.6535490194956464
-2.929050079981486 2.6133788426717124
-2.6324510018030804 2.630845292409261
-2.8254342555999754 2.730161412556966
-2.680371904373169 2.6222263018290204
-2.6851773500442504 2.703458245595296
-2.831893722216288 2.8131643613179524
-2.7325276533762612 2.693699065844218
-2.809249234199524 2.785595758756002
-2.6617586612701416 2.6741061210632324
-2.6954224904378257 2.636528158187866
-2.747071361541748 2.550003679593404
-2.6800524473190306 2.6088526407877604
-2.699627979596456 2.7404380718866985
-2.8029758453369142 2.529397956530253
-2.675885542233785 2.79916988213857
-2.352706543604533 2.731186064084371
-2.640685264269511 2.862586744626363
-2.6578553676605225 2.862457195917765
-2.6422605514526367 2.5804153283437095
-2.675540073712667 2.8021016756693524
-2.7954599142074583 2.68780525525411
-2.6444619337717694 2.7043301741282146
-2.6530181964238486 2.7986844460169475
-2.5713253895441692 2.5939528862635295
-2.638570030530294 2.609221609433492
-2.8092491070429486 3.0308634757995607
-2.6334824641545613 2.7342439810434978
-2.720391845703125 2.894895577430725
-2.6841442505518596 2.62259627978007
-2.7110509395599367 2.6831902583440144
-2.9333407799402873 3.1179597854614256
-2.731425484021505 2.686804191271464
-2.708524060249329 2.788424181938171
-2.6450083096822103 2.795432368914286
-2.714521869023641 2.7568395058314006
-2.675979729493459 2.9548986275990803
-2.6699230750401814 2.7269612471262614
-2.7285799980163574 2.7774715105692547
-2.598241988817851 2.794414528210958
-2.743229373296102 2.729435912768046
-2.3847339312235514 2.1659512321154275
-2.762829796473185 2.6273918628692625
-2.8136770327885947 2.7562389294306437
-2.5556988159815472 2.5250308911005654
-2.7784759362538654 2.705933125813802
-1.5795068482557932 1.4957441111405692
-2.7070002714792887 2.478364626566569
-2.9274720112482706 2.6746939341227214
-2.625619983673096 2.4878264824549357
-2.817196480433146 2.74082129796346
-0.9552195558945338 0.88937200208505
-2.5789833545684813 2.620553652445475
-2.786795989672343 2.724740441640218
-2.284987274805705 2.435319431622823
-2.781771270434062 2.7157389720280967
-0.6135083730022113 0.6823751082022985
-2.5115514039993285 2.5973206520080567
-2.8126611868540445 2.7255387783050535
-2.190979544321696 2.3364638249079386
-2.7164475679397584 2.704682143529256
-1.776500830054283 1.8001291304826736
-2.539675068855286 2.348770999908447
-2.732468620936076 2.712635119756063
-2.1809499740600584 2.2592944264411927
-2.6425548950831095 2.5813486178716025
-2.7550928433736166 2.8309759457906085
-2.4345981597900392 2.5069439888000487
-2.7108294566472373 2.8421706597010297
-2.342977754275004 2.6138062318166098
-2.5280699809392293 2.730244239171346
-2.7100315173467 2.9155296087265015
-2.6463083108266194 2.4703179677327474
-2.6466684579849242 2.821336531639099
-2.579919624328613 2.7568063418070476
-2.689737621943156 2.744787001609802
-2.7261849641799927 2.869362409909566
-2.6397085825602216 2.627559455235799
-2.699798520406087 2.7828723589579263
-2.745727809270223 2.7561235268910727
-2.7118009408315022 2.7016151428222654
-2.747303771972656 2.8339879751205443
-2.578104098637899 2.6937999884287516
-2.7039251883824664 2.8078081607818604
-2.839928126335144 2.7483646392822267
-2.6985178629557294 2.7392776648203534
-2.710603626569112 2.813931361834208
