0.0 0.0
-2.19373565912 2.19825193485
-2.28522092501 2.30024749438
-2.59173045953 2.57414216995
-2.55617928505 2.7467744112
-2.5075019757 2.62210495472
-2.46867061456 2.55912365119
-2.51331042449 2.59385803541
-2.4660741965 2.66360426744
-2.46238137086 2.54290379683
-2.49646247228 2.55589005947
-2.5025273641 2.54766029517
-2.49935545921 2.55371821721
-0.679651475946 0.776090987578
-2.49191292127 2.52010662556
-2.5011869669 2.58331817786
-2.51646989187 2.4796546936
-2.48353389104 2.54512909253
-2.50995545387 2.5469146808
-2.51080772082 2.5381257693
-2.51496311824 2.51833808422
-2.56943927606 2.62473139763
-2.51795899868 2.55188199679
-2.50914309025 2.53755538464
-2.50114703178 2.55687025388
-2.52695958614 2.54238113562
-1.95694097678 2.05872847239
-2.50333932241 2.5433483998
-2.53144409657 2.55448101362
-2.49775516192 2.52548408508
-2.50850199064 2.56093075275
-2.50186998049 2.51795247396
-2.53565768401 2.57624558608
-2.52051560879 2.53914223512
-2.47144505183 2.61975845496
-2.50745267073 2.56221736272
-2.52461494605 2.56083162626
-2.51874270439 2.59702245394
-2.50457004706 2.57733755906
-2.99222091039 3.0848348697
-2.61150904497 2.62587952614
-2.53054380417 2.51914728483
-2.50025498072 2.56949317455
-2.50497707526 2.55975869497
-2.51231880188 2.51198902925
-2.58689623674 2.582701087
-2.47790613174 2.51931277116
-2.58128695488 2.65425180594
-2.53490598202 2.55095152855
-2.51458282471 2.53196317355
-2.52301394145 2.55278540452
-2.51838862101 2.51768563588
-2.7335429589 2.67306203842
-2.55969574451 2.56454346975
-2.52158859571 2.49943038623
-2.59124247233 2.60572938919
-2.52752339045 2.52139999866
-2.52541863124 2.52525200049
-2.54482662678 2.58085061709
-2.52208760579 2.49660235246
-2.56173279285 2.66365996202
-2.51703784466 2.52549804052
-2.51583417257 2.52368727525
-2.48880633513 2.58388595581
-2.50900789897 2.51777776082
-2.74351551533 2.4913725694
-2.52557397683 2.5573561271
-2.51665050983 2.51890968482
-2.55674377282 2.66102170149
-2.37306609948 2.62784059048
-2.47627577782 2.52512409687
-2.49062614441 2.5580795447
-2.50558168093 2.52749865055
-2.53971216679 2.62547470729
-2.50648443699 2.54802778562
-2.49203430812 2.52710512479
-2.47514014244 2.57614556154
-2.58822484811 2.62391821543
-2.51390565236 2.04705101252
-2.52321369648 2.55839663347
-2.51404034297 2.55245397886
-2.49124058882 2.56886779467
-2.50191729863 2.54100604852
-2.55319371223 2.62168982824
-2.52365972996 2.56072366238
-2.54126478831 2.55738035043
-2.60067059199 2.69841995239
-2.50931346416 2.57612007459
-2.51828300953 2.53195082347
-2.50693907738 2.58006327152
-2.50668396155 2.52140644391
-2.69477003415 2.60626664162
-2.50565034548 2.54283045133
-2.51510210832 2.53293600877
-2.43771768411 2.57639625867
-2.5012866656 2.53530932268
-2.52008078893 2.51515800953
-2.52087968985 2.56162962914
-2.51825478077 2.47704360485
-2.56940278212 2.65929106871
-2.51031528314 2.5125797987
-2.51892902851 2.51985112031
-2.51748500665 2.56662402153
-2.52507211367 2.54385552406
-2.71988807519 2.82366730372
-2.51975630124 2.56741497517
-2.48098670642 2.51463679473
-2.45765542984 2.58920040925
-2.51607333819 2.51762142181
-2.5667119503 2.53662198385
-2.52007916768 2.54483813445
-2.51944084962 2.51015434265
-2.54799389044 2.7523091952
-2.50380346775 2.53952073256
-2.55246315002 2.62723625501
-2.52024797599 2.51832931042
-2.48702713648 2.51686813037
-2.55366748969 2.71592155298
-2.49646952152 2.54414350986
-2.52121926149 2.52236158053
-2.57436732451 2.60413836638
-2.50967370669 2.5105880022
-2.51762870948 2.5100723505
-2.58364052773 2.5758023262
-2.50616321564 2.50098499457
-2.55544865131 2.64204126199
-2.50603477955 2.53936759631
-2.5281418244 2.52290408611
-2.50812449455 2.52041539351
-2.50366455714 2.51700778802
-2.49664668242 2.71934777101
-2.50198805332 2.59762651126
-2.49411683877 2.51506550312
-2.5006439209 2.54962025483
-2.52619880835 2.46342892647
-2.10975513856 2.53864014149
-2.51712113221 2.54752409458
-2.52356066704 2.50735723972
-2.49778069655 2.6578649044
-2.49136561553 2.48962554137
-2.52016696135 2.51491971016
-2.53212062518 2.56207877795
-2.54075785478 2.54506217639
-2.55807603995 2.77974948883
-2.50185944239 2.56004075209
-2.51084827582 2.52176303069
-2.54754382769 2.57117906411
-2.50491665999 2.51168722312
-2.55289665063 2.56275028388
-2.49838020007 2.51494348844
-2.50998307864 2.55204555988
-2.49783451557 2.6680917422
-2.49426329136 2.52636165619
-2.52118457953 2.53383575281
-2.54075633685 2.5700674057
-2.5379286925 2.52314821879
-2.54202710787 2.91753065586
-2.51851782004 2.52714624405
-2.52758682569 2.56467675368
-2.55183788935 2.51296718121
-2.54878993829 2.52940868537
-2.51428106626 2.52837096055
-2.51158204079 2.54260358016
-2.50607863267 2.53126618862
-2.48166106542 2.62405838172
-2.48649844329 2.53865508238
-2.50826977094 2.53425052961
-2.51188007991 2.54321761926
-2.5089116176 2.53018586636
-2.55914663474 2.76330289046
-2.49413412412 2.55394982497
-2.51098616123 2.52193234762
-2.50709554354 2.54104509354
-2.51559168498 2.50909176668
-2.51824654738 2.51311598619
-2.52379588286 2.53441628615
-2.54534313679 2.53322164218
-2.48006740411 2.63609597683
-2.52792199453 2.55859719117
-2.51759996414 2.52381929557
-2.49451779524 2.53073620796
-2.37385347684 2.39532058239
-2.5643525362 2.72531001568
-2.49705557823 2.57696766059
-2.47283765475 2.6030633688
-2.53912308216 2.6008310318
-2.52968657811 2.4991091013
-2.57535030842 2.54092512925
-2.49187271595 2.52909767628
-2.50595144431 2.53349898656
-2.48551292419 2.61287852128
-2.53363637129 2.48491213322
-2.59633337657 2.54007469018
-2.51650327047 2.51419138114
-2.50208153725 2.51316700776
-2.60991446972 2.72185638746
-2.50581670602 2.5476965189
-2.52299985091 2.52498107751
-2.5245658795 2.58286742369
-2.50163193544 2.52936062018
