0.0 0.0
-2.3941906770070394 2.3595901489257813
-2.379957930246989 2.379027986526489
-2.4613301118214923 2.459912371635437
-2.531621217727661 2.5219313383102415
-2.6022337675094604 2.540685288111369
-2.6538769165674845 2.5474940458933513
-2.632744479179382 2.5248522917429606
-2.584868653615316 2.5110735336939496
-2.5670061349868774 2.5096713225046794
-2.549956719080607 2.492358334859212
-2.5619256258010865 2.4950645208358764
-2.521120858192444 2.4870349089304606
-0.3897323649104995 0.23697816447820513
-2.53027769724528 2.4992780605951945
-2.54232542514801 2.4973137537638346
-2.4637949148813885 2.479693873723348
-2.528624478975932 2.504033342997233
-2.530253259340922 2.4954115390777587
-2.521717381477356 2.51285818417867
-2.5205900192260744 2.5286166667938232
-2.5011454741160075 2.5151473681131997
-2.498049839337667 2.591239062945048
-2.478448168436686 2.5707106590270996
-2.489105304082235 2.565257207552592
-2.467996430397034 2.5244372685750327
-2.1626951734224957 2.3668547828992206
-2.401794425646464 2.5741430521011353
-2.4651276667912803 2.5423859198888143
-2.4831947644551593 2.5750099341074626
-2.503878116607666 2.536840073267619
-2.495810699462891 2.5287253220876056
-2.4991173426310223 2.5654558817545574
-2.5033525943756105 2.5273072560628256
-2.507645360628764 2.5670408407847085
-2.520338265101115 2.566314784685771
-2.504449407259623 2.522681466738383
-2.5087602297465006 2.5147222598393757
-2.498574948310852 2.5240229845046995
-3.5593477646509806 3.7046669403711956
-2.5129221518834433 2.5190412918726603
-2.5125243345896404 2.5353195667266846
-2.5102347771326703 2.4862102270126343
-2.5667256991068523 2.4934324105580647
-2.612415377298991 2.4610405842463177
-2.586680547396342 2.482507602373759
-2.5726532538731894 2.507541624704997
-2.5695306142171224 2.4477800130844116
-2.5413203795750934 2.4961437861124676
-2.52575782140096 2.5074734926223754
-2.5377811034520468 2.48799508412679
-2.5632194598515827 2.4920706748962402
-2.6464270830154417 2.9072256247202555
-2.5453408638636272 2.498070208231608
-2.5615596453348797 2.51310183207194
-2.503777527809143 2.4703062454859417
-2.5930111328760783 2.5090831597646077
-2.5887423356374106 2.4963591893514
-2.544263410568237 2.488412443796794
-2.554661822319031 2.5092689593633017
-2.5812174161275228 2.3938692569732667
-2.564604338010152 2.5007887760798138
-2.58908478418986 2.5110101540883383
-2.511787684758504 2.4891472895940145
-2.5611781597137453 2.5099982102711995
-1.6973617156346639 2.1887043356895446
-2.5561866680781047 2.5145010630289715
-2.589563767115275 2.5189098914464316
-2.508604804674784 2.5221825361251833
-2.6324841578801474 2.4213008244832355
-2.567345301310221 2.507403834660848
-2.5303738276163736 2.5160709381103517
-2.53016996383667 2.525465416908264
-2.5946585655212404 2.4289503971735638
-2.567494018872579 2.523129709561666
-2.5647603352864583 2.513958740234375
-2.489149880409241 2.5326273838678994
-2.5752137104670205 2.52265145778656
-2.7116844018300372 2.6469528834025065
-2.5353246291478473 2.5414504528045656
-2.549075802167257 2.535874780019124
-2.4950151840845742 2.5108943462371824
-2.5065017382303876 2.554205377896627
-2.51815615495046 2.572911087671916
-2.5263084093729655 2.5767131169637043
-2.5177762031555178 2.5914212226867677
-2.4688342571258546 2.6212889432907103
-2.5084041595458983 2.58380921681722
-2.4857442299524943 2.550492262840271
-2.5103208223978677 2.5727823813756308
-2.506601587931315 2.580627195040385
-2.8661498467127484 2.649261697133382
-2.519446619351705 2.5340410232543946
-2.5179409742355348 2.581042679150899
-2.482271933555603 2.430897863705953
-2.5133211612701416 2.550660220781962
-2.5174240986506145 2.57934455871582
-2.5284406185150146 2.543480698267619
-2.5201228221257526 2.5691565831502277
-2.5892815589904785 2.596173572540283
-2.5098495562871297 2.545586609840393
-2.5316593249638877 2.551645263036092
-2.519557483990987 2.5128474394480387
-2.56070884068807 2.5505425135294595
-2.5989428122838336 2.5552834431330362
-2.5305408875147504 2.517395337422689
-2.6023586273193358 2.5494078079859417
-2.596757992108663 2.49043607711792
-2.654603370030721 2.537589120864868
-2.648708724975586 2.504281195004781
-2.6010356187820434 2.5129714409510293
-2.671395484606425 2.5067962567011515
-2.525653672218323 2.5554859399795533
-2.580944236119588 2.5063621203104653
-2.618743125597636 2.5174758593241373
-2.50506698290507 2.539874490102132
-2.6343315839767456 2.520763071378072
-2.413016200065613 2.458106104532878
-2.6366838852564496 2.5250650723775228
-2.5957627375920613 2.5328062534332276
-2.606037942568461 2.601698096593221
-2.578884220123291 2.5354759057362872
-2.5905815442403157 2.5311180035273235
-2.5506699959437054 2.504596138000488
-2.5900537331899005 2.5305832306543987
-2.6202488501866656 2.43432932694753
-2.5628886222839355 2.542957146962484
-2.595456584294637 2.5276639064153037
-2.566228993733724 2.5594123204549155
-2.556082081794739 2.5390677293141684
-2.721570364634196 2.7158437331517535
-2.4769561211268107 2.5026570081710817
-2.5689061085383096 2.5456043322881063
-2.647671643892924 2.638912574450175
-2.5092851797739666 2.462600843111674
-2.5530380249023437 2.5837493975957235
-2.4845213333765668 2.5879913250605266
-2.547244493166606 2.671608479817708
-2.5576411724090575 2.621621092160543
-2.520995012919108 2.6305446227391562
-2.523691487312317 2.6439219315846763
-2.5348365783691404 2.519289080301921
-2.519103217124939 2.634459622701009
-2.3677141269048056 2.4343042771021524
-2.4983375787734987 2.590401124954224
-2.520127312342326 2.6187288999557494
-2.5234912633895874 2.5078007062276204
-2.516333309809367 2.5892295201619464
-2.5364802281061807 2.601471781730652
-2.526615524291992 2.5395913044611613
-2.5351250251134236 2.571852922439575
-2.58362299601237 2.550342814127604
-2.5338359673817954 2.5783557017644245
-2.5240520874659222 2.5918397823969523
-2.5717246452967326 2.5763802766799926
-2.540758490562439 2.5868463357289633
-2.5857416788736978 2.6098467032114665
-2.5181143283843994 2.5648256460825603
-2.556382338205973 2.5788944959640503
-2.5763829151789346 2.5756575584411623
-2.522978591918945 2.5432355880737303
-2.5559948205947878 2.57696901957194
-2.662884306907654 2.6798808733622232
-2.5439866622289022 2.587167755762736
-2.6068646828333537 2.5654184182484943
-2.5653428713480633 2.558112891515096
-2.599786337216695 2.5347395658493044
-2.577364031473796 2.5014915545781453
-2.632722187042236 2.5421838919321695
-2.4499619166056315 2.523229742050171
-2.6103041251500447 2.5217315196990966
-2.6248614390691123 2.5283474922180176
-2.526459058125814 2.55044957002004
-2.61241934299469 2.5131444851557414
-2.627646470069885 2.5249186595280966
-2.5849447806676227 2.5065447966257732
-2.6091559012730916 2.523279627164205
-2.531626987457275 2.490234653155009
-2.5924106280008954 2.5036146879196166
-2.5916745980580647 2.5292774438858032
-2.5167967319488525 2.5385031859079996
-2.5947205225626626 2.5344658931096395
-2.6497631947199505 2.643313995997111
-2.585980701446533 2.5538060347239178
-2.570685291290283 2.5461271524429323
-2.550957187016805 2.5601820866266887
-2.5634955247243245 2.5590833981831866
-1.8653867443402607 1.9417719701925913
-2.526685937245687 2.50944721698761
-2.566266926129659 2.558788235982259
-2.5939478556315105 2.552096978823344
-2.520504291852315 2.5408109108606975
-2.555174732208252 2.5545316775639852
-2.527830410003662 2.540426222483317
-2.4914953629175822 2.586007245381673
-2.5870322863260906 2.5973395903905234
-2.5639935970306396 2.498970874150594
-2.5245143016179403 2.625978938738505
-2.485911989212036 2.529071307182312
-2.5086790959040326 2.680139994621277
